    X01 X02 X03 X04 X05 X06 X07 X08 X09 X10 X11 X12 X13 X14
X01  1.9321  1.0175 -0.7256 -0.9431 -0.6188 -0.1423 -2.5176 -0.3539 -1.1287 -0.3524 -0.2660 -0.0367 -0.0200 -0.0474
X02  1.0175  3.3489 -0.4776 -0.5938 -0.2037 -0.1171 -1.8644 -0.2943 -0.9659 -0.2165 -0.1691 -0.0362 -0.0242 -0.0423
X03  -0.7256 -0.4776 18.9225  7.6995 10.6514  2.8954  2.7083  0.3497  1.4129  0.4411  0.1723  0.0431  0.0574  0.0574
X04   -0.9431 -0.5938  7.6995  8.7025  4.9250  1.4726  2.1706  0.2372  0.8384  0.2991  0.0389  0.0130  0.0142  0.0227
X05   -0.6188 -0.2037 10.6514  4.9250 13.7641  1.9945  3.5698  0.5469  1.9581  0.8151  0.1714  0.0204  0.0445  0.0531
X06   -0.1423 -0.1171  2.8954  1.4726  1.9945  1.6384  0.4347  0.2744  0.5197  0.1514 -0.0253  0.0056  0.0108  0.0028
X07   -2.5176 -1.8644  2.7083  2.1706  3.5698  0.4347 32.0356  3.4130 14.0176  4.0175  1.6063  0.2241  0.1426  0.2117
X08   -0.3539 -0.2943  0.3497  0.2372  0.5469  0.2744  3.4130  1.7956  3.5363  1.2002  0.2211  0.0324  0.0434  0.0236
X09   -1.1287 -0.9659  1.4129  0.8384  1.9581  0.5197 14.0176  3.5363 16.4836  3.7738  0.8039  0.1161  0.1218  0.1161
X10  -0.3524 -0.2165  0.4411  0.2991  0.8151  0.1514  4.0175  1.2002  3.7738  2.8561  0.2342  0.0316  0.0487  0.0260
X11  -0.2660 -0.1691  0.1723  0.0389  0.1714 -0.0253  1.6063  0.2211  0.8039  0.2342  0.4356  0.0370  0.0246  0.0312
X12  -0.0367 -0.0362  0.0431  0.0130  0.0204  0.0056  0.2241  0.0324  0.1161  0.0316  0.0370  0.0121  0.0058  0.0053
X13  -0.0200 -0.0242  0.0574  0.0142  0.0445  0.0108  0.1426  0.0434  0.1218  0.0487  0.0246  0.0058  0.0144  0.0037
X14  -0.0474 -0.0423  0.0574  0.0227  0.0531  0.0028  0.2117  0.0236  0.1161  0.0260  0.0312  0.0053  0.0037  0.0121
